magnitude	phi	phi_sigma	hist
-25.5	-5.995156143777325	0.0	0.0
-24.5	-5.995156143777325	0.0	0.0
-23.5	-4.1113983182392735	3.8687590839168014e-05	4.0
-22.5	-3.100674452847501	0.00012386072529508088	41.0
-21.5	-2.9005449529243807	0.00015595466450304314	65.0
-20.5	-2.700621084862064	0.00019631808217068563	103.0
-19.5	-2.4654850432054296	0.0002573524597872445	177.0
-18.5	-2.602868599267987	0.00021970328249545747	129.0
-17.5	-2.423423698204718	0.0002701214025966292	195.0
-16.5	-2.3086245929472984	0.00030828936892734186	254.0
-15.5	-2.248075458118818	0.0003305469210271637	292.0
-14.5	-2.423423698204718	0.0002701214025966292	195.0
