magnitude	phi	phi_sigma	hist
-26.458333333333336	-5.964874237738423	0.0	0.0
-25.375	-5.964874237738423	0.0	0.0
-24.291666666666664	-5.964874237738423	0.0	0.0
-23.208333333333336	-5.964874237738423	0.0	0.0
-22.125	-5.964874237738423	0.0	0.0
-21.041666666666668	-3.5721291567707665	6.915525924230054e-05	15.0
-19.958333333333336	-2.691315564489975	0.00019064789297186172	114.0
-18.875	-2.485769326096018	0.0002415489361322287	183.0
-17.791666666666668	-2.239017893495345	0.00032090822275960705	323.0
-16.708333333333336	-2.0642732850749357	0.0003924218217225024	483.0
-15.625	-2.1260063928601522	0.0003654993388123927	419.0
-14.541666666666668	-2.156043658430581	0.00035307580899103335	391.0
