magnitude	phi	phi_sigma	hist
-25.5	-5.991801013280797	0.0	0.0
-24.5	-5.991801013280797	0.0	0.0
-23.5	-5.991801013280797	0.0	0.0
-22.5	-5.991801013280797	0.0	0.0
-21.5	-4.713458309567236	1.9343795419584007e-05	1.0
-20.5	-3.9353070591835926	4.738242846676725e-05	6.0
-19.5	-3.0144883052312177	0.0001367812891507313	50.0
-18.5	-2.7592158001279112	0.0001835113563546538	90.0
-17.5	-2.6200366244050013	0.00021540338955806888	124.0
-16.5	-2.5642391969118563	0.00022969484407381766	141.0
-15.5	-2.704858137805319	0.0001953627573667544	102.0
-14.5	-2.688152444302466	0.0001991565631629554	106.0
