magnitude	phi	phi_sigma	hist
-24.607142857142858	-5.995714866626906	0.0	0.0
-23.82142857142857	-5.995714866626906	0.0	0.0
-23.035714285714285	-4.131601704327561	4.264201006282977e-05	3.0
-22.25	-3.6087229590472227	7.785330269591383e-05	10.0
-21.464285714285715	-3.103572980727317	0.0001392682216807448	32.0
-20.67857142857143	-2.9011527829492865	0.00017581751157769832	51.0
-19.892857142857142	-2.617496883354728	0.00024371938794130334	98.0
-19.107142857142858	-2.789179023505354	0.00020000875602924604	66.0
-18.321428571428573	-2.65933295240231	0.00023225872855909654	89.0
-17.535714285714285	-2.5916896197484425	0.00025106935715630543	104.0
-16.75	-2.635595105447524	0.00023869370616381758	94.0
-15.964285714285715	-2.529541712999598	0.0002696917516127236	120.0
-15.178571428571429	-2.5595049363770412	0.00026054698519731474	112.0
-14.392857142857142	-2.5188178476078247	0.0002730420881661607	123.0
