phi
0.0003930656718914332
0.0010072307842217975
0.000896681064002332
0.0010440806909616193
0.0009703808774819756
0.0012037636201675142
0.00144942966509966
0.0009580975752353683
0.0009580975752353683
0.00072471483254983
0.0007984146460294736
phi_sigma
6.948485051151973e-05
0.00011123003261117757
0.00010494858039987989
0.00011324645114496148
0.00010917637845449492
0.00012159848839515953
0.0001334308160119614
0.00010848318809086317
0.00010848318809086317
9.434983482131248e-05
9.903114871240258e-05
hist
32.0
82.0
73.0
85.0
79.0
98.0
118.0
78.0
78.0
59.0
65.0
massBinLimits
-22.0
-21.5
-21.0
-20.5
-20.0
-19.5
-19.0
-18.5
-18.0
-17.5
-17.0
-16.5
