magnitude	phi	phi_sigma	hist
-25.5	-5.962521734344523	0.0	0.0
-24.5	-5.962521734344523	0.0	0.0
-23.5	-5.962521734344523	0.0	0.0
-22.5	-5.962521734344523	0.0	0.0
-21.5	-4.236337054847573	3.350443647793763e-05	3.0
-20.5	-3.1693902652169608	0.0001144394370102159	35.0
-19.5	-2.856125813135968	0.00016413754698087755	72.0
-18.5	-2.641576302261111	0.00021012740350962524	118.0
-17.5	-2.3517304735496434	0.0002933631825638409	230.0
-16.5	-2.331441266992368	0.0003002964593823366	241.0
-15.5	-2.3574324523741135	0.00029144366457392975	227.0
-14.5	-2.2601399695201985	0.00032598743477419535	284.0
