magnitude	phi	phi_sigma	hist
-26.458333333333336	-5.9794103220309	0.0	0.0
-25.375	-5.9794103220309	0.0	0.0
-24.291666666666664	-4.447190420162467	2.5251930304750423e-05	2.0
-23.208333333333336	-4.049250411490429	3.992680753942058e-05	5.0
-22.125	-3.2858224179274917	9.615648584303402e-05	29.0
-21.041666666666668	-3.0854625841448735	0.00012110400338001783	46.0
-19.958333333333336	-2.81372196458288	0.00016558798059335958	86.0
-18.875	-2.6837624265995292	0.00019231297168606804	116.0
-17.791666666666668	-2.651310402818391	0.00019963403769710287	125.0
-16.708333333333336	-2.5177714944481737	0.00023281129407710805	170.0
-15.625	-2.4834025928169114	0.00024220800676003567	184.0
-14.541666666666668	-2.5360328114224897	0.00022796773610634415	163.0
