magnitude	phi	phi_sigma	hist
-24.541666666666664	-5.985005803681023	0.0	0.0
-23.625	-5.985005803681023	0.0	0.0
-22.708333333333336	-3.9766997443418184	4.718622709204239e-05	5.0
-21.791666666666664	-3.2777297400057996	0.000105511611379549	25.0
-20.875	-3.0524204582799364	0.0001367586788044074	42.0
-19.958333333333336	-2.8495949459770107	0.00017272995213406405	67.0
-19.041666666666668	-2.7311870765276685	0.0001979573299436007	88.0
-18.125	-2.783575145987357	0.00018637066406501857	78.0
-17.208333333333336	-2.654480449607899	0.0002162344574086602	105.0
-16.291666666666668	-2.6933985156382687	0.0002067596878549841	96.0
-15.375	-2.634277063519612	0.00022132302319912287	110.0
-14.458333333333334	-2.600122787285306	0.00023019915865816432	119.0
