magnitude	phi	phi_sigma	hist
-26.458333333333336	-5.973115066046362	0.0	0.0
-25.375	-5.973115066046362	0.0	0.0
-24.291666666666664	-5.973115066046362	0.0	0.0
-23.208333333333336	-4.748220415826448	1.78558111565391e-05	1.0
-22.125	-3.5721291567707665	6.915525924230054e-05	15.0
-21.041666666666668	-3.0406502397285116	0.00012751599740800095	51.0
-19.958333333333336	-2.8239411297645662	0.00016365121243935485	84.0
-18.875	-2.731187076527667	0.00018209425903644127	104.0
-17.791666666666668	-2.61468150745623	0.0002082327517944431	136.0
-16.708333333333336	-2.5203337112127744	0.00023212554503500838	169.0
-15.625	-2.462663106818674	0.0002480608563784124	193.0
-14.541666666666668	-2.469466814873619	0.0002461253714898515	190.0
