phi
0.00011054972021946558
0.0001965328359457166
0.0005404652988507206
0.0007738480415362591
0.0007738480415362591
0.0008229812505226882
0.00044219888087786234
0.0008106979482760809
0.0006755816235634008
0.0005036153921108988
0.0008229812505226882
phi_sigma
3.684990673982186e-05
4.913320898642915e-05
8.14782094770518e-05
9.749568906949158e-05
9.749568906949158e-05
0.00010054316209201405
7.369981347964371e-05
9.979001918718878e-05
9.109540753782771e-05
7.865151033096447e-05
0.00010054316209201405
hist
9.0
16.0
44.0
63.0
63.0
67.0
36.0
66.0
55.0
41.0
67.0
massBinLimits
-22.0
-21.5
-21.0
-20.5
-20.0
-19.5
-19.0
-18.5
-18.0
-17.5
-17.0
-16.5
