magnitude	phi	phi_sigma	hist
-24.607142857142858	-5.964286532180177	0.0	0.0
-23.82142857142857	-5.964286532180177	0.0	0.0
-23.035714285714285	-5.964286532180177	0.0	0.0
-22.25	-5.964286532180177	0.0	0.0
-21.464285714285715	-4.608722959047223	2.4619375988561495e-05	1.0
-20.67857142857143	-4.307692963383242	3.48170554201862e-05	2.0
-19.892857142857142	-3.654480449607898	7.38581279656845e-05	9.0
-19.107142857142858	-3.404602976391298	9.847750395424598e-05	16.0
-18.321428571428573	-2.7762140463409866	0.0002030165752752685	68.0
-17.535714285714285	-2.7279093667664314	0.0002146267439743427	76.0
-16.75	-2.6264517260076543	0.0002412196358308154	96.0
-15.964285714285715	-2.694909106663506	0.00022293793143703697	82.0
-15.178571428571429	-2.8025429850633357	0.00019695500790849196	64.0
-14.392857142857142	-2.8378709474050785	0.00018910501518971763	59.0
