magnitude	phi	phi_sigma	hist
-24.541666666666664	-5.967064948304213	0.0	0.0
-23.625	-5.967064948304213	0.0	0.0
-22.708333333333336	-5.967064948304213	0.0	0.0
-21.791666666666664	-5.967064948304213	0.0	0.0
-20.875	-4.675669748677837	2.1102322275909798e-05	1.0
-19.958333333333336	-3.83057170866358	5.583149682799587e-05	7.0
-19.041666666666668	-3.2285117173356177	0.00011166299365599175	28.0
-18.125	-2.7725797616858934	0.00018874490836816955	80.0
-17.208333333333336	-2.6382432507372133	0.00022031471261030919	109.0
-16.291666666666668	-2.5583984530220727	0.00024152711796434582	131.0
-15.375	-2.6303467698911795	0.00022232676088009703	111.0
-14.458333333333334	-2.561726396371	0.00024060349271514463	130.0
