magnitude	phi	phi_sigma	hist
-26.458333333333336	-5.9587302328526635	0.0	0.0
-25.375	-4.748220415826448	1.78558111565391e-05	1.0
-24.291666666666664	-4.146160424498485	3.57116223130782e-05	4.0
-23.208333333333336	-3.845130428834504	5.0503860609500846e-05	8.0
-22.125	-3.748220415826448	5.646503272450892e-05	10.0
-21.041666666666668	-3.095007902051104	0.00011978042261826172	45.0
-19.958333333333336	-2.748220415826448	0.00017855811156539103	100.0
-18.875	-2.53337656777875	0.0002286659543909188	164.0
-17.791666666666668	-2.338287292495153	0.0002862504287488536	257.0
-16.708333333333336	-2.254065821808005	0.0003153965084177245	312.0
-15.625	-2.092122213813616	0.0003800394537443025	453.0
-14.541666666666668	-2.1472475201396994	0.0003566695485055271	399.0
