magnitude	phi	phi_sigma	hist
-26.458333333333336	-5.992654417270129	0.0	0.0
-25.375	-5.992654417270129	0.0	0.0
-24.291666666666664	-5.992654417270129	0.0	0.0
-23.208333333333336	-5.992654417270129	0.0	0.0
-22.125	-5.992654417270129	0.0	0.0
-21.041666666666668	-5.992654417270129	0.0	0.0
-19.958333333333336	-5.992654417270129	0.0	0.0
-18.875	-4.146160424498485	3.57116223130782e-05	4.0
-17.791666666666668	-3.2710991611067852	9.780030552988876e-05	30.0
-16.708333333333336	-2.9773684041843036	0.0001371530879397952	59.0
-15.625	-2.845130428834504	0.0001597072301576823	80.0
-14.541666666666668	-2.7028974370397902	0.000188122643821621	111.0
