magnitude	phi	phi_sigma	hist
-26.458333333333336	-5.984899347045774	0.0	0.0
-25.375	-5.984899347045774	0.0	0.0
-24.291666666666664	-5.984899347045774	0.0	0.0
-23.208333333333336	-5.984899347045774	0.0	0.0
-22.125	-5.984899347045774	0.0	0.0
-21.041666666666668	-4.748220415826448	1.78558111565391e-05	1.0
-19.958333333333336	-4.447190420162467	2.5251930304750423e-05	2.0
-18.875	-3.5721291567707665	6.915525924230054e-05	15.0
-17.791666666666668	-2.2596696993260035	0.00031336821401325917	308.0
-16.708333333333336	-2.031382692526923	0.00040756646802970787	521.0
-15.625	-1.8539043531420094	0.000499962712383095	784.0
-14.541666666666668	-1.7887020388534496	0.0005389379581777717	911.0
