magnitude	phi	phi_sigma	hist
-24.541666666666664	-4.675669748677837	2.1102322275909798e-05	1.0
-23.625	-4.1985484939581745	3.6550294339568277e-05	3.0
-22.708333333333336	-3.420397243574531	8.952957108047855e-05	18.0
-21.791666666666664	-3.213271750778881	0.00011363948326903994	29.0
-20.875	-2.9197948930053457	0.00015931903938284483	57.0
-19.958333333333336	-2.7725797616858934	0.00018874490836816955	80.0
-19.041666666666668	-2.7513904626159555	0.0001934059783374189	84.0
-18.125	-2.7513904626159555	0.0001934059783374189	84.0
-17.208333333333336	-2.592884378361387	0.00023212554503500779	121.0
-16.291666666666668	-2.582248063515602	0.0002349855158815294	124.0
-15.375	-2.5054080332828796	0.00025672083048436313	148.0
-14.458333333333334	-2.526450636022457	0.0002505761935350735	141.0
