magnitude	phi	phi_sigma	hist
-25.5	-5.964688995001594	0.0	0.0
-24.5	-5.964688995001594	0.0	0.0
-23.5	-5.964688995001594	0.0	0.0
-22.5	-4.412428313903255	2.735625783014626e-05	2.0
-21.5	-3.7134583095672364	6.117045211821793e-05	10.0
-20.5	-3.181979392524981	0.00011279274055532323	34.0
-19.5	-2.88738350686641	0.00015833578945622558	67.0
-18.5	-2.630672939250786	0.0002127817496154241	121.0
-17.5	-2.460605278587343	0.0002588023442726413	179.0
-16.5	-2.306918129133281	0.0003088956416248915	255.0
-15.5	-2.3207613563075706	0.0003040116084049681	247.0
-14.5	-2.389175854269544	0.0002809848588100892	211.0
