phi
6.14902044588761e-05
0.00023366277694372917
0.0006149020445887609
0.0006763922490476371
0.0006517961672640866
0.0008362667806407149
0.0007624785352900636
0.0005165177174545592
0.0005657098810216601
0.0005165177174545592
0.00040583534942858227
phi_sigma
2.7499255424081526e-05
5.360591745077901e-05
8.696028109883714e-05
9.120471225582398e-05
8.953108911498898e-05
0.00010141224316990888
9.683487081675731e-05
7.970041411801176e-05
8.340937147398768e-05
7.970041411801176e-05
7.064686633248915e-05
hist
5.0
19.0
50.0
55.0
53.0
68.0
62.0
42.0
46.0
42.0
33.0
massBinLimits
-22.0
-21.5
-21.0
-20.5
-20.0
-19.5
-19.0
-18.5
-18.0
-17.5
-17.0
