phi
3.6959736884446206e-05
4.927964917926161e-05
0.00014783894753778482
0.00022175842130667725
0.00027103807048593884
0.00025871815819112346
0.00023407833360149265
0.00022175842130667725
0.00020943850901186184
0.0003572774565496467
0.00017247877212741563
phi_sigma
2.133871403941276e-05
2.4639824589630805e-05
4.267742807882552e-05
5.226896116372495e-05
5.77855107872446e-05
5.645693064620869e-05
5.370125268638462e-05
5.226896116372495e-05
5.079629968986957e-05
6.634475811702359e-05
4.609689084230315e-05
hist
3.0
4.0
12.0
18.0
22.0
21.0
19.0
18.0
17.0
29.0
14.0
massBinLimits
-22.0
-21.5
-21.0
-20.5
-20.0
-19.5
-19.0
-18.5
-18.0
-17.5
-17.0
