magnitude	phi	phi_sigma	hist
-26.458333333333336	-5.965861319106068	0.0	0.0
-25.375	-5.965861319106068	0.0	0.0
-24.291666666666664	-5.965861319106068	0.0	0.0
-23.208333333333336	-4.271099161106785	3.092717213348092e-05	3.0
-22.125	-3.845130428834504	5.0503860609500846e-05	8.0
-21.041666666666668	-3.2710991611067852	9.780030552988876e-05	30.0
-19.958333333333336	-3.204152371476172	0.00010563640339404556	35.0
-18.875	-2.761448681560203	0.00017585934501647806	97.0
-17.791666666666668	-2.4364665547706936	0.0002556563090789805	205.0
-16.708333333333336	-2.2297064759485603	0.0003243669178247613	330.0
-15.625	-2.204152371476172	0.00033405163855352546	350.0
-14.541666666666668	-2.185927551369973	0.0003411347931553816	365.0
