magnitude	phi	phi_sigma	hist
-26.458333333333336	-5.984527016853491	0.0	0.0
-25.375	-5.984527016853491	0.0	0.0
-24.291666666666664	-5.984527016853491	0.0	0.0
-23.208333333333336	-5.984527016853491	0.0	0.0
-22.125	-4.146160424498485	3.57116223130782e-05	4.0
-21.041666666666668	-3.5177714944481737	7.362139542949296e-05	17.0
-19.958333333333336	-2.928676480284579	0.00014506129558165094	66.0
-18.875	-2.903122375812191	0.0001493924343601745	70.0
-17.791666666666668	-2.6410104461785795	0.00020201544243800339	128.0
-16.708333333333336	-2.5255039446788645	0.00023074793319482565	167.0
-15.625	-2.5177714944481737	0.00023281129407710805	170.0
-14.541666666666668	-2.5838675600420107	0.00021575258710028485	146.0
