magnitude	phi	phi_sigma	hist
-24.541666666666664	-5.995729664937528	0.0	0.0
-23.625	-5.995729664937528	0.0	0.0
-22.708333333333336	-4.1985484939581745	3.6550294339568277e-05	3.0
-21.791666666666664	-3.9766997443418184	4.718622709204239e-05	5.0
-20.875	-3.2954585069662308	0.00010337984392749204	24.0
-19.958333333333336	-2.9596664050430377	0.00015217100999431746	52.0
-19.041666666666668	-2.99442851130225	0.0001462011773582731	48.0
-18.125	-2.7262797420329243	0.0001990789101935108	89.0
-17.208333333333336	-2.5054080332828796	0.00025672083048436313	148.0
-16.291666666666668	-2.445220827299563	0.0002751406202729452	170.0
-15.375	-2.5143017464428623	0.00025410560951752333	145.0
-14.458333333333334	-2.5718660277218803	0.00023781109454863028	127.0
