magnitude	phi	phi_sigma	hist
-24.541666666666664	-5.9885596097640885	0.0	0.0
-23.625	-5.9885596097640885	0.0	0.0
-22.708333333333336	-4.675669748677837	2.1102322275909798e-05	1.0
-21.791666666666664	-3.9766997443418184	4.718622709204239e-05	5.0
-20.875	-3.3534504539439176	9.670298916870945e-05	21.0
-19.958333333333336	-3.012911916996263	0.0001431229130854753	46.0
-19.041666666666668	-2.9122417551149	0.00016071049846014672	58.0
-18.125	-2.680034554080287	0.00020996545558305427	99.0
-17.208333333333336	-2.4503604669519743	0.0002735173576088148	168.0
-16.291666666666668	-2.3969161477250083	0.00029087543903346015	190.0
-15.375	-2.422816717697944	0.0002823298301156083	179.0
-14.458333333333334	-2.363915887622083	0.0003021392743660671	205.0
