magnitude	phi	phi_sigma	hist
-24.541666666666664	-4.675669748677837	2.1102322275909798e-05	1.0
-23.625	-4.1985484939581745	3.6550294339568277e-05	3.0
-22.708333333333336	-3.596488502630212	7.310058867913655e-05	12.0
-21.791666666666664	-3.561726396371	7.608550499715873e-05	13.0
-20.875	-3.1843080548435645	0.0001174927579407647	31.0
-19.958333333333336	-2.8832780591795832	0.0001661598517604486	62.0
-19.041666666666668	-2.585764637238439	0.0002340360755709943	123.0
-18.125	-2.561726396371	0.00024060349271514463	130.0
-17.208333333333336	-2.4132186589474074	0.000285466924519906	183.0
-16.291666666666668	-2.293652706102969	0.0003275961375080032	241.0
-15.375	-2.2331899796133885	0.0003512126385907424	277.0
-14.458333333333334	-2.135340273886963	0.0003930927090222058	347.0
