magnitude	phi	phi_sigma	hist
-26.458333333333336	-5.995531274955788	0.0	0.0
-25.375	-5.995531274955788	0.0	0.0
-24.291666666666664	-4.271099161106785	3.092717213348092e-05	3.0
-23.208333333333336	-3.5177714944481737	7.362139542949296e-05	17.0
-22.125	-3.4057977350042417	8.375117805306203e-05	22.0
-21.041666666666668	-3.1249711254285475	0.0001157188820652681	42.0
-19.958333333333336	-2.6410104461785795	0.00020201544243800339	128.0
-18.875	-2.575034147414174	0.0002179579519463329	149.0
-17.791666666666668	-2.546823291505996	0.00022515321169643533	159.0
-16.708333333333336	-2.3168566516674605	0.0002934009165896663	270.0
-15.625	-2.2858224179274917	0.0003040735070617236	290.0
-14.541666666666668	-2.2244739490148833	0.00032632685661368335	334.0
