magnitude	phi	phi_sigma	hist
-26.458333333333336	-5.968357072592768	0.0	0.0
-25.375	-5.968357072592768	0.0	0.0
-24.291666666666664	-5.968357072592768	0.0	0.0
-23.208333333333336	-4.748220415826448	1.78558111565391e-05	1.0
-22.125	-3.970069165442804	4.373762627701597e-05	6.0
-21.041666666666668	-3.903122375812191	4.724203577753508e-05	7.0
-19.958333333333336	-3.3168566516674605	9.278151640044278e-05	27.0
-18.875	-2.839735396947798	0.00016070230040885194	81.0
-17.791666666666668	-2.546823291505996	0.00022515321169643533	159.0
-16.708333333333336	-2.1627596863179472	0.0003503563142606748	385.0
-15.625	-2.1707286159892223	0.0003471566461958043	378.0
-14.541666666666668	-2.110730686313937	0.00037198416169665895	434.0
