magnitude	phi	phi_sigma	hist
-24.607142857142858	-5.972649915293255	0.0	0.0
-23.82142857142857	-5.972649915293255	0.0	0.0
-23.035714285714285	-4.608722959047223	2.4619375988561495e-05	1.0
-22.25	-3.909752954711204	5.5050598274049594e-05	5.0
-21.464285714285715	-4.006662967719261	4.923875197712299e-05	4.0
-20.67857142857143	-3.4326316999915414	9.535043319771744e-05	15.0
-19.892857142857142	-3.0066629677192602	0.00015570660539182765	40.0
-19.107142857142858	-2.722232233874741	0.00021603414753944386	77.0
-18.321428571428573	-2.4625949233689846	0.0002913003851169136	140.0
-17.535714285714285	-2.1838413224161557	0.00040152987099541937	266.0
-16.75	-2.0836781520103775	0.0004506085671757285	335.0
-15.964285714285715	-2.109035876428819	0.0004376436004386515	316.0
-15.178571428571429	-2.0875848753431865	0.0004485863794075391	332.0
-14.392857142857142	-2.11736126521295	0.0004334688442789275	310.0
