magnitude	phi	phi_sigma	hist
-24.607142857142858	-5.9883870277086535	0.0	0.0
-23.82142857142857	-5.9883870277086535	0.0	0.0
-23.035714285714285	-4.608722959047223	2.4619375988561495e-05	1.0
-22.25	-4.006662967719261	4.923875197712299e-05	4.0
-21.464285714285715	-4.131601704327561	4.264201006282977e-05	3.0
-20.67857142857143	-3.6087229590472227	7.785330269591383e-05	10.0
-19.892857142857142	-3.4625949233689846	9.211727002536613e-05	14.0
-19.107142857142858	-3.090209019169335	0.00014142754768496562	33.0
-18.321428571428573	-2.6449351317016676	0.00023614075890046295	92.0
-17.535714285714285	-2.2451109791550783	0.0003741821197081477	231.0
-16.75	-2.1615649277050037	0.00041196095535684486	280.0
-15.964285714285715	-2.1159625700203852	0.0004341674246584781	311.0
-15.178571428571429	-2.103572980727317	0.00044040478619239675	320.0
-14.392857142857142	-2.103572980727317	0.00044040478619239675	320.0
