magnitude	phi	phi_sigma	hist
-24.541666666666664	-4.374639753013856	2.984319036015952e-05	2.0
-23.625	-3.9766997443418184	4.718622709204239e-05	5.0
-22.708333333333336	-3.8975184982941933	5.168992196374602e-05	6.0
-21.791666666666664	-3.2777297400057996	0.000105511611379549	25.0
-20.875	-3.012911916996263	0.0001431229130854753	46.0
-19.958333333333336	-2.6303467698911795	0.00022232676088009703	111.0
-19.041666666666668	-2.5054080332828796	0.00025672083048436313	148.0
-18.125	-2.499578489622156	0.00025844960981873013	150.0
-17.208333333333336	-2.3312774749927265	0.00031370857368174577	221.0
-16.291666666666668	-2.2411008446436385	0.0003480284147576023	272.0
-15.375	-2.231624952759761	0.0003518460252884886	278.0
-14.458333333333334	-2.290063475079525	0.0003289526490561145	243.0
