phi
0.00013440199245138906
6.109181475063138e-05
0.00024436725900252554
0.001062997576660986
0.0013928933763143957
0.0016494789982670476
0.002016029886770836
0.0016739157241673001
0.0013318015615637643
0.001625042272366795
0.0015150770058156584
phi_sigma
4.052372545794875e-05
2.732109013024723e-05
5.464218026049446e-05
0.00011396530264404432
0.0001304564173302184
0.00014196454867127038
0.00015694771382491704
0.00014301227173148302
0.0001275634542364349
0.00014090903552673784
0.00013605793161167157
hist
11.0
5.0
20.0
87.0
114.0
135.0
165.0
137.0
109.0
133.0
124.0
massBinLimits
-22.0
-21.5
-21.0
-20.5
-20.0
-19.5
-19.0
-18.5
-18.0
-17.5
-17.0
-16.5
