magnitude	phi	phi_sigma	hist
-24.541666666666664	-5.982599632366018	0.0	0.0
-23.625	-5.982599632366018	0.0	0.0
-22.708333333333336	-5.982599632366018	0.0	0.0
-21.791666666666664	-4.374639753013856	2.984319036015952e-05	2.0
-20.875	-3.3969161477250083	9.198289027471806e-05	19.0
-19.958333333333336	-2.904817737035693	0.00016209001301975757	59.0
-19.041666666666668	-2.7565916563017634	0.00019225130546037338	83.0
-18.125	-2.680034554080287	0.00020996545558305427	99.0
-17.208333333333336	-2.5357906622766007	0.00024789615719130766	138.0
-16.291666666666668	-2.502483480265563	0.0002575866704820292	149.0
-15.375	-2.5389491815214305	0.0002469963496588182	137.0
-14.458333333333334	-2.508352413929661	0.00025585206037697793	147.0
