magnitude	phi	phi_sigma	hist
-24.607142857142858	-5.976852360230391	0.0	0.0
-23.82142857142857	-5.976852360230391	0.0	0.0
-23.035714285714285	-5.976852360230391	0.0	0.0
-22.25	-5.976852360230391	0.0	0.0
-21.464285714285715	-5.976852360230391	0.0	0.0
-20.67857142857143	-3.6087229590472227	7.785330269591383e-05	10.0
-19.892857142857142	-3.13160170432756	0.0001348458758063618	30.0
-19.107142857142858	-2.9185268790187093	0.0001723356319199305	49.0
-18.321428571428573	-2.7110958677567814	0.00021882180021932574	79.0
-17.535714285714285	-2.669203706428604	0.00022963425189582626	87.0
-16.75	-2.4688438726459863	0.0002892121833898597	138.0
-15.964285714285715	-2.504919238091266	0.0002774462769734027	127.0
-15.178571428571429	-2.5153012738849876	0.00027414976852845166	124.0
-14.392857142857142	-2.4783891905522166	0.0002860512995931523	135.0
