magnitude	phi	phi_sigma	hist
-24.541666666666664	-5.9807581588639325	0.0	0.0
-23.625	-5.9807581588639325	0.0	0.0
-22.708333333333336	-4.374639753013856	2.984319036015952e-05	2.0
-21.791666666666664	-4.374639753013856	2.984319036015952e-05	2.0
-20.875	-3.7214272392385124	6.33069668277294e-05	9.0
-19.958333333333336	-3.0422012930982505	0.00013837718104428717	43.0
-19.041666666666668	-2.9122417551149	0.00016071049846014672	58.0
-18.125	-2.7311870765276685	0.0001979573299436007	88.0
-17.208333333333336	-2.5357906622766007	0.00024789615719130766	138.0
-16.291666666666668	-2.4853380505075457	0.0002627217936194781	155.0
-15.375	-2.6303467698911795	0.00022232676088009703	111.0
-14.458333333333334	-2.578759735669781	0.00023593113546021194	125.0
