magnitude	phi	phi_sigma	hist
-26.458333333333336	-5.982543573809952	0.0	0.0
-25.375	-5.982543573809952	0.0	0.0
-24.291666666666664	-5.982543573809952	0.0	0.0
-23.208333333333336	-5.982543573809952	0.0	0.0
-22.125	-5.982543573809952	0.0	0.0
-21.041666666666668	-3.706827730668223	5.922102593368211e-05	11.0
-19.958333333333336	-2.6309491201706834	0.0002043690998159854	131.0
-18.875	-2.254065821808005	0.0003153965084177245	312.0
-17.791666666666668	-2.2554600267996103	0.00031489065964241265	311.0
-16.708333333333336	-2.3041756199083716	0.00029771586755179873	278.0
-15.625	-2.397972397492285	0.0002672413108428204	224.0
-14.541666666666668	-2.4717586116532035	0.0002454768186590323	189.0
