phi
7.378824535065131e-05
4.9192163567100876e-05
0.0002459608178355044
0.0003320471040779309
0.00034434514496970613
0.00040583534942858227
0.00030745102229438046
0.0001844706133766283
0.0001967686542684035
0.0003197490631861557
0.00017217257248485307
phi_sigma
3.0123925020731487e-05
2.4596081783550438e-05
5.499851084816305e-05
6.390249497434303e-05
6.507511562588048e-05
7.064686633248915e-05
6.14902044588761e-05
4.7630107564823235e-05
4.9192163567100876e-05
6.270795048612386e-05
4.601505554555874e-05
hist
6.0
4.0
20.0
27.0
28.0
33.0
25.0
15.0
16.0
26.0
14.0
massBinLimits
-22.0
-21.5
-21.0
-20.5
-20.0
-19.5
-19.0
-18.5
-18.0
-17.5
-17.0
