phi
2.4639824589630805e-05
6.159956147407702e-05
0.00017247877212741563
0.00020943850901186184
0.00028335798278075427
0.00027103807048593884
0.00016015885983260023
0.00025871815819112346
0.00022175842130667725
0.00019711859671704644
0.00020943850901186184
phi_sigma
1.7422987054574983e-05
2.754816136804267e-05
4.609689084230315e-05
5.079629968986957e-05
5.908422374792365e-05
5.77855107872446e-05
4.442007548817616e-05
5.645693064620869e-05
5.226896116372495e-05
4.927964917926161e-05
5.079629968986957e-05
hist
2.0
5.0
14.0
17.0
23.0
22.0
13.0
21.0
18.0
16.0
17.0
massBinLimits
-22.0
-21.5
-21.0
-20.5
-20.0
-19.5
-19.0
-18.5
-18.0
-17.5
-17.0
