phi
9.855929835852322e-05
6.159956147407702e-05
0.00011087921065333862
3.6959736884446206e-05
9.855929835852322e-05
4.927964917926161e-05
3.6959736884446206e-05
2.4639824589630805e-05
1.2319912294815403e-05
1.2319912294815403e-05
2.4639824589630805e-05
phi_sigma
3.484597410914997e-05
2.754816136804267e-05
3.6959736884446206e-05
2.133871403941276e-05
3.484597410914997e-05
2.4639824589630805e-05
2.133871403941276e-05
1.7422987054574983e-05
1.2319912294815403e-05
1.2319912294815403e-05
1.7422987054574983e-05
hist
8.0
5.0
9.0
3.0
8.0
4.0
3.0
2.0
1.0
1.0
2.0
massBinLimits
-22.0
-21.5
-21.0
-20.5
-20.0
-19.5
-19.0
-18.5
-18.0
-17.5
-17.0
