phi
0.0
9.838432713420175e-05
9.838432713420175e-05
0.0003812392676450318
0.0005534118401298849
0.0006640942081558619
0.0006026040036969857
0.0006272000854805362
0.0005288157583463345
0.0008239687397489397
0.0005903059628052105
phi_sigma
0.0
3.478411243953486e-05
3.478411243953486e-05
6.847259380985241e-05
8.249776627224458e-05
9.037177506219447e-05
8.608628624242653e-05
8.782557883990603e-05
8.064364711716815e-05
0.00010066380310209303
8.520332663245737e-05
hist
0.0
8.0
8.0
31.0
45.0
54.0
49.0
51.0
43.0
67.0
48.0
massBinLimits
-22.0
-21.5
-21.0
-20.5
-20.0
-19.5
-19.0
-18.5
-18.0
-17.5
-17.0
