phi
0.0001844706133766283
0.00029515298140260526
0.000393537308536807
0.0003320471040779309
0.0003566431858614814
0.0003689412267532566
0.0003812392676450318
0.00015987453159307786
7.378824535065131e-05
8.608628624242653e-05
0.00017217257248485307
phi_sigma
4.7630107564823235e-05
6.0247850041462974e-05
6.956822487906972e-05
6.390249497434303e-05
6.622697700708895e-05
6.735914409546237e-05
6.847259380985241e-05
4.434121702304844e-05
3.0123925020731487e-05
3.253755781294024e-05
4.601505554555874e-05
hist
15.0
24.0
32.0
27.0
29.0
30.0
31.0
13.0
6.0
7.0
14.0
massBinLimits
-22.0
-21.5
-21.0
-20.5
-20.0
-19.5
-19.0
-18.5
-18.0
-17.5
-17.0
