phi
3.689412267532566e-05
8.608628624242653e-05
0.0003320471040779309
0.000393537308536807
0.000504219676562784
0.0005411137992381097
0.0006272000854805362
0.0004427294721039079
0.00046732555388745835
0.00040583534942858227
0.00046732555388745835
phi_sigma
2.1300831658114343e-05
3.253755781294024e-05
6.390249497434303e-05
6.956822487906972e-05
7.874588370706619e-05
8.157597458893224e-05
8.782557883990603e-05
7.378824535065131e-05
7.581021548234424e-05
7.064686633248915e-05
7.581021548234424e-05
hist
3.0
7.0
27.0
32.0
41.0
44.0
51.0
36.0
38.0
33.0
38.0
massBinLimits
-22.0
-21.5
-21.0
-20.5
-20.0
-19.5
-19.0
-18.5
-18.0
-17.5
-17.0
