magnitude	phi	phi_sigma	hist
-25.5	-5.996268338522244	0.0	0.0
-24.5	-5.996268338522244	0.0	0.0
-23.5	-4.713458309567236	1.9343795419584007e-05	1.0
-22.5	-3.8103683225752927	5.471251566029252e-05	8.0
-21.5	-3.041360451631519	0.00013261438005748773	47.0
-20.5	-2.7891790235053544	0.00017728881347596755	84.0
-19.5	-2.704858137805319	0.0001953627573667544	102.0
-18.5	-2.6964249702684557	0.00019726878062281117	104.0
-17.5	-2.692269010497298	0.00019821491929127212	105.0
-16.5	-2.537367050511555	0.00023691214233383624	150.0
-15.5	-2.6840745318820267	0.0002000937756955847	107.0
-14.5	-2.5896066686001507	0.00022308353149485882	133.0
