magnitude	phi	phi_sigma	hist
-24.607142857142858	-5.962354129553871	0.0	0.0
-23.82142857142857	-5.962354129553871	0.0	0.0
-23.035714285714285	-5.962354129553871	0.0	0.0
-22.25	-5.962354129553871	0.0	0.0
-21.464285714285715	-5.962354129553871	0.0	0.0
-20.67857142857143	-5.962354129553871	0.0	0.0
-19.892857142857142	-4.307692963383242	3.48170554201862e-05	2.0
-19.107142857142858	-3.494779606740386	8.876642249668542e-05	13.0
-18.321428571428573	-2.975254503467636	0.00016144004455166878	43.0
-17.535714285714285	-2.809382409593641	0.00019541023889798606	63.0
-16.75	-2.617496883354728	0.00024371938794130334	98.0
-15.964285714285715	-2.763624919032966	0.00020598047767842243	70.0
-15.178571428571429	-2.7166283563567424	0.0002174324414091889	78.0
-14.392857142857142	-2.7826481563463963	0.0002015182774897419	67.0
