magnitude	phi	phi_sigma	hist
-24.541666666666664	-5.977649275186607	0.0	0.0
-23.625	-5.977649275186607	0.0	0.0
-22.708333333333336	-5.977649275186607	0.0	0.0
-21.791666666666664	-4.675669748677837	2.1102322275909798e-05	1.0
-20.875	-3.471549766021912	8.440928910363919e-05	16.0
-19.958333333333336	-2.9274817216716364	0.0001579153200434844	56.0
-19.041666666666668	-2.9432759888548685	0.00015506976589123807	54.0
-18.125	-2.83057170866358	0.00017655469515293306	70.0
-17.208333333333336	-2.83057170866358	0.00017655469515293306	70.0
-16.291666666666668	-2.9596664050430377	0.00015217100999431746	52.0
-15.375	-2.7725797616858934	0.00018874490836816955	80.0
-14.458333333333334	-2.8495949459770107	0.00017272995213406405	67.0
