magnitude	phi	phi_sigma	hist
-24.541666666666664	-5.983943874121606	0.0	0.0
-23.625	-5.983943874121606	0.0	0.0
-22.708333333333336	-5.983943874121606	0.0	0.0
-21.791666666666664	-4.374639753013856	2.984319036015952e-05	2.0
-20.875	-3.7725797616858934	5.968638072031904e-05	8.0
-19.958333333333336	-3.0524204582799364	0.0001367586788044074	42.0
-19.041666666666668	-2.9432759888548685	0.00015506976589123807	54.0
-18.125	-2.9274817216716364	0.0001579153200434844	56.0
-17.208333333333336	-2.8627563920349814	0.00017013236127604684	65.0
-16.291666666666668	-2.783575145987357	0.00018637066406501857	78.0
-15.375	-2.800608485286137	0.00018275147169784142	75.0
-14.458333333333334	-2.83057170866358	0.00017655469515293306	70.0
