magnitude	phi	phi_sigma	hist
-26.458333333333336	-5.977113926836013	0.0	0.0
-25.375	-5.977113926836013	0.0	0.0
-24.291666666666664	-5.977113926836013	0.0	0.0
-23.208333333333336	-5.977113926836013	0.0	0.0
-22.125	-4.447190420162467	2.5251930304750423e-05	2.0
-21.041666666666668	-3.793977906387123	5.3567433469617314e-05	9.0
-19.958333333333336	-2.8731591524347477	0.00015463586066740464	75.0
-18.875	-2.485769326096018	0.0002415489361322287	183.0
-17.791666666666668	-2.1788465062114017	0.0003439272118537772	371.0
-16.708333333333336	-2.0214932067998754	0.00041223341175468386	533.0
-15.625	-2.0239445462256587	0.0004110716431362454	530.0
-14.541666666666668	-1.9523403984823724	0.0004463952789134776	625.0
