magnitude	phi	phi_sigma	hist
-26.458333333333336	-5.987061970766958	0.0	0.0
-25.375	-5.987061970766958	0.0	0.0
-24.291666666666664	-5.987061970766958	0.0	0.0
-23.208333333333336	-5.987061970766958	0.0	0.0
-22.125	-5.987061970766958	0.0	0.0
-21.041666666666668	-4.271099161106785	3.092717213348092e-05	3.0
-19.958333333333336	-3.634277063519611	6.43800426899037e-05	13.0
-18.875	-2.8969620671073724	0.00015045573912655187	71.0
-17.791666666666668	-2.555095817471986	0.000223019009864733	156.0
-16.708333333333336	-2.4057977350042417	0.0002648444793699823	220.0
-15.625	-2.4343531954572946	0.00025627910247217814	206.0
-14.541666666666668	-2.390285568825994	0.00026961683587866113	228.0
