phi
1.2298040891775219e-05
3.689412267532566e-05
3.689412267532566e-05
9.838432713420175e-05
0.00017217257248485307
0.00011068236802597697
0.00014757649070130263
0.00013527844980952742
9.838432713420175e-05
0.0001844706133766283
0.00014757649070130263
phi_sigma
1.2298040891775219e-05
2.1300831658114343e-05
2.1300831658114343e-05
3.478411243953486e-05
4.601505554555874e-05
3.689412267532566e-05
4.2601663316228686e-05
4.078798729446612e-05
3.478411243953486e-05
4.7630107564823235e-05
4.2601663316228686e-05
hist
1.0
3.0
3.0
8.0
14.0
9.0
12.0
11.0
8.0
15.0
12.0
massBinLimits
-22.0
-21.5
-21.0
-20.5
-20.0
-19.5
-19.0
-18.5
-18.0
-17.5
-17.0
