phi
3.6959736884446206e-05
0.00020943850901186184
0.00018479868442223104
0.0003572774565496467
0.00028335798278075427
0.0002463982458963081
0.00020943850901186184
0.00025871815819112346
0.00018479868442223104
0.00019711859671704644
0.00016015885983260023
phi_sigma
2.133871403941276e-05
5.079629968986957e-05
4.771481514455606e-05
6.634475811702359e-05
5.908422374792365e-05
5.509632273608534e-05
5.079629968986957e-05
5.645693064620869e-05
4.771481514455606e-05
4.927964917926161e-05
4.442007548817616e-05
hist
3.0
17.0
15.0
29.0
23.0
20.0
17.0
21.0
15.0
16.0
13.0
massBinLimits
-22.0
-21.5
-21.0
-20.5
-20.0
-19.5
-19.0
-18.5
-18.0
-17.5
-17.0
