magnitude	phi	phi_sigma	hist
-26.458333333333336	-5.961810329965302	0.0	0.0
-25.375	-5.961810329965302	0.0	0.0
-24.291666666666664	-5.961810329965302	0.0	0.0
-23.208333333333336	-4.748220415826448	1.78558111565391e-05	1.0
-22.125	-4.271099161106785	3.092717213348092e-05	3.0
-21.041666666666668	-3.706827730668223	5.922102593368211e-05	11.0
-19.958333333333336	-3.2167414987841925	0.00010411637589722156	34.0
-18.875	-2.8561258131359675	0.00015769825420886225	78.0
-17.791666666666668	-2.637630705527199	0.00020280302999580712	129.0
-16.708333333333336	-2.315251124952042	0.0002939437494618899	271.0
-15.625	-2.30261621255285	0.00029825084708040345	279.0
-14.541666666666668	-2.2918543826974047	0.00030196916685082945	286.0
