magnitude	phi	phi_sigma	hist
-24.607142857142858	-5.971702809978548	0.0	0.0
-23.82142857142857	-5.971702809978548	0.0	0.0
-23.035714285714285	-4.608722959047223	2.4619375988561495e-05	1.0
-22.25	-4.006662967719261	4.923875197712299e-05	4.0
-21.464285714285715	-3.6087229590472227	7.785330269591383e-05	10.0
-20.67857142857143	-3.3534504539439167	0.00010445116626055858	18.0
-19.892857142857142	-3.11736126521295	0.00013707488426422583	31.0
-19.107142857142858	-2.8528481033747313	0.00018587221261331943	57.0
-18.321428571428573	-2.7166283563567424	0.0002174324414091889	78.0
-17.535714285714285	-2.4688438726459863	0.0002892121833898597	138.0
-16.75	-2.3055269016267337	0.0003490398952659966	201.0
-15.964285714285715	-2.3209212291169967	0.00034290822791066815	194.0
-15.178571428571429	-2.327689591799495	0.00034024654553226	191.0
-14.392857142857142	-2.282387098118471	0.00035846352520448374	212.0
