magnitude	phi	phi_sigma	hist
-24.607142857142858	-5.996188377377185	0.0	0.0
-23.82142857142857	-5.996188377377185	0.0	0.0
-23.035714285714285	-4.608722959047223	2.4619375988561495e-05	1.0
-22.25	-3.763624919032966	6.513674629932869e-05	7.0
-21.464285714285715	-4.006662967719261	4.923875197712299e-05	4.0
-20.67857142857143	-3.4625949233689846	9.211727002536613e-05	14.0
-19.892857142857142	-2.9652702825610353	0.00016330646545348706	44.0
-19.107142857142858	-2.9274817216716356	0.00017056804025131908	48.0
-18.321428571428573	-2.654480449607898	0.0002335599080877415	90.0
-17.535714285714285	-2.5153012738849876	0.00027414976852845166	124.0
-16.75	-2.25654044093586	0.00036929063982842243	225.0
-15.964285714285715	-2.3076929633832415	0.0003481705542018619	200.0
-15.178571428571429	-2.3392100148293062	0.0003357635229984124	186.0
-14.392857142857142	-2.2682788442071042	0.0003643334936846854	219.0
