phi
0.0002463982458963081
0.00025871815819112346
0.00045583675490816993
0.0006036757024459547
0.0006159956147407702
0.0006775951762148472
0.0006283155270355856
0.0004065571057289083
0.0005174363163822469
0.00028335798278075427
0.00048047657949780074
phi_sigma
5.509632273608534e-05
5.645693064620869e-05
7.493910088346348e-05
8.623938606370782e-05
8.711493527287491e-05
9.136691492196125e-05
8.79817718993493e-05
7.077250797742117e-05
7.984215700982556e-05
5.908422374792365e-05
7.6937827621566e-05
hist
20.0
21.0
37.0
49.0
50.0
55.0
51.0
33.0
42.0
23.0
39.0
massBinLimits
-22.0
-21.5
-21.0
-20.5
-20.0
-19.5
-19.0
-18.5
-18.0
-17.5
-17.0
