phi
0.0
0.0
3.6959736884446206e-05
2.4639824589630805e-05
7.391947376889241e-05
9.855929835852322e-05
0.00016015885983260023
3.6959736884446206e-05
3.6959736884446206e-05
3.6959736884446206e-05
6.159956147407702e-05
phi_sigma
0.0
0.0
2.133871403941276e-05
1.7422987054574983e-05
3.0177498798138694e-05
3.484597410914997e-05
4.442007548817616e-05
2.133871403941276e-05
2.133871403941276e-05
2.133871403941276e-05
2.754816136804267e-05
hist
0.0
0.0
3.0
2.0
6.0
8.0
13.0
3.0
3.0
3.0
5.0
massBinLimits
-22.0
-21.5
-21.0
-20.5
-20.0
-19.5
-19.0
-18.5
-18.0
-17.5
-17.0
