magnitude	phi	phi_sigma	hist
-26.458333333333336	-5.971607355499597	0.0	0.0
-25.375	-5.971607355499597	0.0	0.0
-24.291666666666664	-5.971607355499597	0.0	0.0
-23.208333333333336	-5.971607355499597	0.0	0.0
-22.125	-3.4260011210925283	8.182560621967743e-05	21.0
-21.041666666666668	-2.627646484620598	0.00020514765158698308	132.0
-19.958333333333336	-2.2596696993260035	0.00031336821401325917	308.0
-18.875	-2.36982251487831	0.00027604414158220915	239.0
-17.791666666666668	-2.3626141422281357	0.0002783445492013283	243.0
-16.708333333333336	-2.507671167543848	0.00023553432577458775	174.0
-15.625	-2.605205615572353	0.00021051690881271294	139.0
-14.541666666666668	-2.6583153043870498	0.0001980305254831495	123.0
