magnitude	phi	phi_sigma	hist
-24.607142857142858	-5.962832700192714	0.0	0.0
-23.82142857142857	-4.608722959047223	2.4619375988561495e-05	1.0
-23.035714285714285	-5.962832700192714	0.0	0.0
-22.25	-4.006662967719261	4.923875197712299e-05	4.0
-21.464285714285715	-3.3534504539439167	0.00010445116626055858	18.0
-20.67857142857143	-2.955510445271879	0.0001651517948221488	45.0
-19.892857142857142	-2.868360269552979	0.00018258217895960908	55.0
-19.107142857142858	-2.8605349320410225	0.00018423454005073227	56.0
-18.321428571428573	-2.809382409593641	0.00019541023889798606	63.0
-17.535714285714285	-2.8528481033747313	0.00018587221261331943	57.0
-16.75	-2.7336616956555226	0.00021321005031414887	75.0
-15.964285714285715	-2.795809602404367	0.00019848775482205516	65.0
-15.178571428571429	-2.763624919032966	0.00020598047767842243	70.0
-14.392857142857142	-2.7762140463409866	0.0002030165752752685	68.0
