magnitude	phi	phi_sigma	hist
-26.458333333333336	-5.964132020803579	0.0	0.0
-25.375	-5.964132020803579	0.0	0.0
-24.291666666666664	-5.964132020803579	0.0	0.0
-23.208333333333336	-3.970069165442804	4.373762627701597e-05	6.0
-22.125	-3.3168566516674605	9.278151640044278e-05	27.0
-21.041666666666668	-2.8561258131359675	0.00015769825420886225	78.0
-19.958333333333336	-2.714796660339498	0.00018556303280088557	108.0
-18.875	-2.839735396947798	0.00016070230040885194	81.0
-17.791666666666668	-2.6654350455099975	0.00019641392272193013	121.0
-16.708333333333336	-2.61468150745623	0.0002082327517944431	136.0
-15.625	-2.611499848670041	0.00020899691124976974	137.0
-14.541666666666668	-2.592884378361386	0.00021352444558947353	143.0
