magnitude	phi	phi_sigma	hist
-24.607142857142858	-5.966639283439625	0.0	0.0
-23.82142857142857	-5.966639283439625	0.0	0.0
-23.035714285714285	-5.966639283439625	0.0	0.0
-22.25	-5.966639283439625	0.0	0.0
-21.464285714285715	-4.131601704327561	4.264201006282977e-05	3.0
-20.67857142857143	-3.3782740376689486	0.00010150828763763426	17.0
-19.892857142857142	-2.9959391023274873	0.0001576409231028304	41.0
-19.107142857142858	-3.0772440420049674	0.00014355439707041157	34.0
-18.321428571428573	-2.751390462615954	0.00020890233252111715	72.0
-17.535714285714285	-2.529541712999598	0.0002696917516127236	120.0
-16.75	-2.456434614664166	0.0002933737236314706	142.0
-15.964285714285715	-2.533175997654692	0.0002685656851011924	119.0
-15.178571428571429	-2.5595049363770412	0.00026054698519731474	112.0
-14.392857142857142	-2.5188178476078247	0.0002730420881661607	123.0
