magnitude	phi	phi_sigma	hist
-24.607142857142858	-5.995811833442593	0.0	0.0
-23.82142857142857	-5.995811833442593	0.0	0.0
-23.035714285714285	-5.995811833442593	0.0	0.0
-22.25	-5.995811833442593	0.0	0.0
-21.464285714285715	-4.608722959047223	2.4619375988561495e-05	1.0
-20.67857142857143	-3.654480449607898	7.38581279656845e-05	9.0
-19.892857142857142	-3.3534504539439167	0.00010445116626055858	18.0
-19.107142857142858	-3.24699512302963	0.00011807037945023148	23.0
-18.321428571428573	-2.9274817216716356	0.00017056804025131908	48.0
-17.535714285714285	-2.7698738683099675	0.0002045038960767372	69.0
-16.75	-2.6087229590472227	0.00024619375988561495	100.0
-15.964285714285715	-2.579339181362013	0.0002546648054307445	107.0
-15.178571428571429	-2.5118129460391665	0.00027525299137024796	125.0
-14.392857142857142	-2.5223631283724743	0.00027192989581153326	122.0
