magnitude	phi	phi_sigma	hist
-26.458333333333336	-5.967326896417045	0.0	0.0
-25.375	-5.967326896417045	0.0	0.0
-24.291666666666664	-5.967326896417045	0.0	0.0
-23.208333333333336	-5.967326896417045	0.0	0.0
-22.125	-4.271099161106785	3.092717213348092e-05	3.0
-21.041666666666668	-3.4057977350042417	8.375117805306203e-05	22.0
-19.958333333333336	-3.049250411490429	0.0001262596515237521	50.0
-18.875	-2.798830409181535	0.0001684513855483557	89.0
-17.791666666666668	-2.5838675600420107	0.00021575258710028485	146.0
-16.708333333333336	-2.379004558416305	0.00027314138855466194	234.0
-15.625	-2.5101743126976523	0.0002348565277483929	173.0
-14.541666666666668	-2.4834025928169114	0.00024220800676003567	184.0
