magnitude	phi	phi_sigma	hist
-26.458333333333336	-5.983472131235108	0.0	0.0
-25.375	-5.983472131235108	0.0	0.0
-24.291666666666664	-5.983472131235108	0.0	0.0
-23.208333333333336	-3.845130428834504	5.0503860609500846e-05	8.0
-22.125	-3.4471904201624666	7.985361507884115e-05	20.0
-21.041666666666668	-2.9221456131256214	0.00014615611334420838	67.0
-19.958333333333336	-2.731187076527667	0.00018209425903644127	104.0
-18.875	-2.718836638141238	0.00018470194679592454	107.0
-17.791666666666668	-2.6020923801482096	0.00021127280678809112	140.0
-16.708333333333336	-2.500247149464641	0.0002375561167266875	177.0
-15.625	-2.3662033732515795	0.00027719673173754177	241.0
-14.541666666666668	-2.360830589487718	0.0002789166865968199	244.0
