magnitude	phi	phi_sigma	hist
-25.5	-5.986674104135577	0.0	0.0
-24.5	-5.986674104135577	0.0	0.0
-23.5	-5.986674104135577	0.0	0.0
-22.5	-3.537367050511555	7.491819751249218e-05	15.0
-21.5	-2.7789598583236685	0.00017938697897613935	86.0
-20.5	-2.692269010497298	0.00019821491929127212	105.0
-19.5	-2.455779734698052	0.0002602441512185897	181.0
-18.5	-2.5642391969118563	0.00022969484407381766	141.0
-17.5	-2.4416167030307374	0.00026452242394718167	187.0
-16.5	-2.4038281421413377	0.00027628466105066843	204.0
-15.5	-2.373014194727118	0.00028626203075225243	219.0
-14.5	-2.3536228272273485	0.00029272474180149296	229.0
