magnitude	phi	phi_sigma	hist
-25.5	-5.973547284940987	0.0	0.0
-24.5	-5.973547284940987	0.0	0.0
-23.5	-4.412428313903255	2.735625783014626e-05	2.0
-22.5	-3.2510603116682804	0.00010416952632995341	29.0
-21.5	-2.9210666200689825	0.0001523131974470781	62.0
-20.5	-2.7739390569486178	0.00018042691220386325	87.0
-19.5	-2.5175586571580024	0.0002423770618970593	157.0
-18.5	-2.531614721622464	0.0002384863267101016	152.0
-17.5	-2.3871224486384848	0.00028164991266066544	212.0
-16.5	-2.3710356287450303	0.00028691485265081387	220.0
-15.5	-2.3574324523741135	0.00029144366457392975	227.0
-14.5	-2.3536228272273485	0.00029272474180149296	229.0
