magnitude	phi	phi_sigma	hist
-24.541666666666664	-5.999972949005073	0.0	0.0
-23.625	-4.675669748677837	2.1102322275909798e-05	1.0
-22.708333333333336	-3.471549766021912	8.440928910363919e-05	16.0
-21.791666666666664	-3.11936724791055	0.0001266139336554588	36.0
-20.875	-3.095886152061027	0.0001300834509327825	38.0
-19.958333333333336	-2.7891790235053553	0.00018517212646237998	77.0
-19.041666666666668	-2.6670695769159196	0.00021312300803645907	102.0
-18.125	-2.654480449607899	0.0002162344574086602	105.0
-17.208333333333336	-2.561726396371	0.00024060349271514463	130.0
-16.291666666666668	-2.5389491815214305	0.0002469963496588182	137.0
-15.375	-2.592884378361387	0.00023212554503500779	121.0
-14.458333333333334	-2.6074838869316754	0.0002282565149914762	117.0
