magnitude	phi	phi_sigma	hist
-24.607142857142858	-5.972724463046352	0.0	0.0
-23.82142857142857	-4.006662967719261	4.923875197712299e-05	4.0
-23.035714285714285	-3.705632972055279	6.96341108403724e-05	8.0
-22.25	-3.654480449607898	7.38581279656845e-05	9.0
-21.464285714285715	-3.0289393624304126	0.00015176402608824667	38.0
-20.67857142857143	-2.936625101111505	0.0001687819382549846	47.0
-19.892857142857142	-2.795809602404367	0.00019848775482205516	65.0
-19.107142857142858	-2.575299203560273	0.00025585206037697863	108.0
-18.321428571428573	-2.5118129460391665	0.00027525299137024796	125.0
-17.535714285714285	-2.415598360692761	0.00030749590754076825	156.0
-16.75	-2.272263225198693	0.00036266605475610247	217.0
-15.964285714285715	-2.230325058099085	0.00038060631642395515	239.0
-15.178571428571429	-2.166243189982774	0.0004097480783558672	277.0
-14.392857142857142	-2.1631187557736253	0.00041122465279267757	279.0
