magnitude	phi	phi_sigma	hist
-26.458333333333336	-5.995074114114227	0.0	0.0
-25.375	-5.995074114114227	0.0	0.0
-24.291666666666664	-4.447190420162467	2.5251930304750423e-05	2.0
-23.208333333333336	-4.447190420162467	2.5251930304750423e-05	2.0
-22.125	-3.706827730668223	5.922102593368211e-05	11.0
-21.041666666666668	-3.634277063519611	6.43800426899037e-05	13.0
-19.958333333333336	-2.829142323450374	0.00016267418154339327	83.0
-18.875	-2.714796660339498	0.00018556303280088557	108.0
-17.791666666666668	-2.53337656777875	0.0002286659543909188	164.0
-16.708333333333336	-2.3626141422281357	0.0002783445492013283	243.0
-15.625	-2.2667777873241426	0.0003108142332544793	303.0
-14.541666666666668	-2.254065821808005	0.0003153965084177245	312.0
