magnitude	phi	phi_sigma	hist
-24.607142857142858	-5.991094948645351	0.0	0.0
-23.82142857142857	-4.307692963383242	3.48170554201862e-05	2.0
-23.035714285714285	-3.909752954711204	5.5050598274049594e-05	5.0
-22.25	-3.6087229590472227	7.785330269591383e-05	10.0
-21.464285714285715	-3.2107829503751852	0.00012309687994280748	25.0
-20.67857142857143	-2.9854736686493224	0.00015955179193847575	42.0
-19.892857142857142	-2.684443672985341	0.00022564030806032263	84.0
-19.107142857142858	-2.563399980260565	0.0002593812210267805	111.0
-18.321428571428573	-2.5916896197484425	0.00025106935715630543	104.0
-17.535714285714285	-2.412823306637989	0.00030847989695989407	157.0
-16.75	-2.2762844991316173	0.000360990913908126	215.0
-15.964285714285715	-2.111793310974008	0.000436256454000137	314.0
-15.178571428571429	-2.127280330544918	0.00042854689736602456	303.0
-14.392857142857142	-2.1104124052576223	0.00043695057767537045	315.0
