magnitude	phi	phi_sigma	hist
-24.541666666666664	-4.675669748677837	2.1102322275909798e-05	1.0
-23.625	-4.073609757349875	4.2204644551819596e-05	4.0
-22.708333333333336	-3.420397243574531	8.952957108047855e-05	18.0
-21.791666666666664	-3.2285117173356177	0.00011166299365599175	28.0
-20.875	-2.9766997443418184	0.0001492159518007976	50.0
-19.958333333333336	-2.7311870765276685	0.0001979573299436007	88.0
-19.041666666666668	-2.5173072565825874	0.0002532278673109176	144.0
-18.125	-2.460825900630139	0.0002702415824619943	164.0
-17.208333333333336	-2.374639753013856	0.0002984319036015952	200.0
-16.291666666666668	-2.254065821808006	0.00034287215319299234	264.0
-15.375	-2.1732426286934046	0.0003763083120644057	318.0
-14.458333333333334	-2.145470050474755	0.00038853495832798067	339.0
